4510007179947439
4510006571840722
4510004646602751
4510004428280584
4510003565087328
4510002074676178
4509998669829420
4509998442758029
4509997541160358
4509996794809459
4509996199789546
4509994243898612
4509993574332780
4509992780559383
4509992222343993
4509992160639625
4509991756831292
4509988792596887
4509988423223124
4509988360205938
4509986866112960
4509986409247001
4509985507470197
4509984694247384
4509982991817158
4509980256404838
4509973902787026
4509973021315398
4509972026902759
4509960585031515
4509956176914547
4509956022728757
4509955334385606
4509954201348789
4509953446584527
4509948593420819
4509941962928876
4509940821076510
4509939743402331
4509939052071932
4509938665552472
4509936274789942
4509927424628511
4509925331984752
4509923012710651
4509922454374157
4509922141107917
4509916847743250
4509916763270345
4509915597328811
4509915006483127
4509914867102022
4509914216761386
4509913161127431
4509912866214215
4509912271209701
4509911465773470
4509911327748163
4509909897036048
4509909826361346
4509905279283042
4509903496647764
4509903065431381
4509902560775094
4509902556711500
4509900401573611
4509900007468046
4509899873465759
4509897750475995
4509892033390138
4509890901014025
4509889706209191
4509889617015328
4509885716258767
4509882956439904
4509881841654335
4509880595053923
4509877105593284
4509873922173667
4509871527677381
4509871486278295
4509870688179683
4509870650781071
4509868709784482
4509868600407003
4509868285321097
4509866700395800
4509866343340568
4509865713643341
4509865659408491
4509863361420828
4509862840772789
4509862636486977
4509862208553261
4509861029571356
4509860718796573
4509859624063301
4509859502952083
4509859305419882
4509859012282603
4509858130435657
4509857368146378
4509857283952911
4509855652480505
4509854389560102
4509854041213237
4509853345091037
4509851876850799
4509850296051456
4509849876967971
4509848845229859
4509848237045129
4509848170017279
4509847758524393
4509846823417950
4509843673288502
4509843010729673
4509842725739058
4509842654788919
4509841044030166
4509840463906637
4509838879588714
4509836039700921
4509835955835211
4509835871446949
4509835586950049
4509833186959113
4509833137796657
4509833083055045
4509833040587345
4509832805178032
4509832760289552
4509829685872265
4509829387282612
4509828313892253
4509828075207995
4509828020940459
4509827864963310
4509827864963270
4509827382091813
4509827298237049
4509826970953379
4509825017183065
4509824811720775
4509823741780661
4509822600816162
4509822151931871
4509817739561130
4509817706757177
4509817081791930
4509816469266048
4509814753354548
4509812694551628
4509810579633188
4509808985652265
4509807505329933
4509806725620069
4509804322619025
4509803072202439
4509802510867979
4509801524127997
4509794830443749
4509792796953335
4509791952765476
4509787587688938
4509785972801102
4509783917620943
4509783853393975
4509727298783283
4509719920157611
4509717495295354
4509716656957212
4509712815415371
4509712647416590
4509712551717981
4509712366690522
4509711917294863
4509710608716240
4509710256373984
4509709842062016
4509709803026213
4509709723703973
4509709116431488
4509708792721944
4509708743062988
4509708717823711
4509708675493523
4509708566219482
4509708297564298
4509708159424684
4509708067913429
4509708034262681
4509707920992791
4510425872124737
4510425755342893
4510421489014394
4510421317491273
4510421086883505
4510418766685284
4510418619541424
4510417243880934
4510417219343657
4510413842777908
4510413721931955
4510412035469106
4510411468330894
4510411196425141
4510409598886320
4510407870583610
4510407375194884
4510406548806430
4510401561373027
4510399724084486
4510397925499118
4510397228457946
4510397169751351
4510396788597813
4510396402765252
4510395651635382
4510392921058487
4510391725882171
4510391679585024
4510389826206111
4510389477707821
4510386916049706
4510382230180275
4510380373003264
4510379374691810
4510376551670631
4510376056099412
4510375116162884
4510373321180093
4510371643551484
4510361547453106
4510359920754568
4510358490237166
4510352718529545
4510352162071590
4510350470450073
4510345680757787
4510343076035055
4510343051050584
4510343022160160
4510339377140358
4510336969016723
4510336890304693
4510336847680921
4510336797968749
4510336776577036
4510336759307414
4510335862341114
4510335665758476
4510334281106817
4510333698406574
4510328819905375
4510328777595924
4510328697663882
4510328655858011
4510328602213880
4510328559862676
4510328387343894
4510328005878413
4510327969279894
4510314206532609
4510313854391960
4510313812339923
4510313775801200
4510313733732271
4510313699983192
4510313544844113
4510313523796224
4510313448659853
4510312696902847
4510304720309667
4510301829047313
4510301074019027
4510300396045198
4510300311191941
4510300274102955
4510300231531739
4510300126652083
4510300101308068
4510300012846579
4510299686147356
4510297534591479
4510295773079536
4510294942594350
4510292803829048
4510289112258988
4510288253463418
4510287501380550
4510286364581924
4510283803345634
4510277435467735
4510276681423515
4510276122414175
4510269822914583
4510269533819893
4510268727813063
4510268023356248
4510263879652460
4510263531852193
4510261065357312
4510261027265348
4510260268644674
4510259173893755
4510257050836644
4510256719875328
4510254333501054
4510253213438185
4510252022022631
4510251170975106
4510250470152375
4510248139123051
4510247135255723
4510246188219550
4510244660690419
4510242590060508
4510241850578965
4510240480139987
4510239838572389
4510238407327115
4510238062937151
4510237669713609
4510237443447350
4510235039435502
4510234562235748
4510234419466767
4510233743533354
4510233542359049
4510232317182032
4510230869852505
4510229209842774
4510228554715198
4510226315294513
4510226055639701
4510225505943079
4510225044056388
4510222716106550
4510221244535729
4510220515520424
4510219067641648
4510219055018921
4510217612467587
4510216932080041
4510216056981644
4510215904978239
4510215439755215
4510214549686237
4510213351301830
4510213304380011
4510212713792918
4510212528398851
4510210566387576
4510210020091262
4510209848537417
4510209572142172
4510209055542457
4510208674734835
4510207034168442
4510205117683375
4510202994949579
4510202982292077
4510202450607950
4510202332068632
4510201929315436
4510201920911164
4510201610433521
4510198938541880
4510198242466143
4510197513477880
4510197290229465
4510197144310327
4510196757657879
4510195948807952
4510195524896905
4510195411663234
4510193847606123
4510192932347014
4510192593290520
4510192349380565
4510191586356389
4510191486441951
4510191208970996
4510189259170140
4510189170010744
4510188532736852
4510188004905504
4510186649971621
4510180420694775
4510180082121640
4510178123058480
4510176319125913
4510174955508472
4510172732487859
4510172083795199
4510171743035340
4510170010444039
4510168044363102
4510166945695863
4510165509913656
4510165099811035
4510159454193222
4510145293409149
4510143260135905
4510134624464186
4510123134838459
4510114058608333
4510113090531902
4510107235741911
4510104512930341
4510102700213181
4510100021042896
4510081256127627
4510080903121251
4510080806219786
4510078541036739
4510078457351930
4510075978668695
4510075282841047
4510074767526488
4510074725470404
4510074549375125
4510074120657671
4510074053957059
4510073940964069
4510073755291565
4510073273303985
4510072825046825
4510072635902190
4510072531681024
4510071930753025
4510071655283390
4510071419205472
4510071327701385
4510071210083911
4510071104553704
4510071100951845
4510071093227771
4510071034303277
4510071034302288
4510070753391352
4510070522162598
4510070484744627
4510070430022117
4510070311890384
4510070304200047
4510793662483720
4510793623960345
4510793549354097
4510793519397813
4510793481266766
4510792832190342
4510786728692951
4510786582867868
4510786544687157
4510785466326591
4510782857111424
4510782769786405
4510781763702764
4510780727725568
4510780655230796
4510780446029671
4510775936394187
4510773923159306
4510773588948885
4510770215360162
4510769381147995
4510764604696769
4510764125335794
4510763270204403
4510762821634758
4510759592134560
4510759294686767
4510758577240654
4510757243364940
4510750775075543
4510747600117932
4510745826191575
4510737781937748
4510737735154776
4510737685389047
4510737571512974
4510733561807462
4510716613245069
4510715459931986
4510714218132629
4510692906515337
4510688737323012
4510687357633536
4510687072859210
4510684615211207
4510684555210753
4510684417206423
4510684215946852
4510684149384327
4510684097920363
4510684056114712
4510682717911874
4510681267065463
4510676603142295
4510676230531649
4510673885949175
4510673474501442
4510670886017929
4510670714101253
4510670635443353
4510670596351918
4510670564063840
4510670395128148
4510668798287902
4510667573572413
4510666838984414
4510666747421015
4510665273865129
4510664221730961
4510660162189051
4510659733474862
4510657288514869
4510651274083200
4510651248845176
4510651228069467
4510650019700945
4510649331537194
4510644630734485
4510643841806105
4510643305532285
4510643104089886
4510641085418472
4510639349133175
4510636909119074
4510636854060893
4510635464943518
4510634652329558
4510633787642165
4510632915672624
4510631338578268
4510630868457777
4510630843484524
4510630822948818
4510630797511191
4510626754692953
4510625127368147
4510624900341840
4510619216302422
4510619010971284
4510618114064378
4510617069932111
4510616650181094
4510616067620319
4510614631755672
4510613181090555
4510612871104002
4510611692080449
4510611419527242
4510611268535399
4510611196769014
4510611172903582
4510611054704984
4510610035296223
4510609318812108
4510607602924273
4510607532049686
4510606341080972
4510603974815803
4510603740409955
4510601458434023
4510601420152983
4510601420549510
4510598984147379
4510598316860860
4510595741275489
4510595565410635
4510595464375822
4510595368195591
4510594935611426
4510594831564162
4510594201717607
4510593397249384
4510590951121369
4510590389701992
4510588497167190
4510585691886509
4510583678227217
4510582918711001
4510582551069468
4510582466215359
4510580847287464
4510580730591244
4510578363945474
4510576938109725
4510575998461212
4510574999844769
4510574853736238
4510574828488161
4510572395372739
4510571011490990
4510570521083164
4510569959705393
4510569820179005
4510568743083315
4510568507927438
4510566187975704
4510565852878838
4510565706207978
4510564606909253
4510561512255543
4510561243330940
4510561234275744
4510560551791609
4510559037190662
4510558705831415
4510557997023785
4510557896139245
4510556247381737
4510554931330560
4510554839268336
4510548290499342
4510547490891625
4510546860294754
4510546688697261
4510546395748272
4510536355003192
4510532918891034
4510532628912193
4510532189303831
4510529458953665
4510526325744743
4510505635762803
4510476229199686
4510469518752906
4510447447398211
4510447175119801
4510446944271760
4510446767921210
4510446604898910
4510444968989078
4510444150778713
4510443576589152
4510442883993722
4510441587429676
4510441365193675
4510441277985235
4510440766442825
4510439076467956
4510438383853942
4510437709015554
4510436717844078
4510436668760003
4510436530541969
4510435187180128
4510434672076707
4510433941805068
4510433240995173
4510433081445338
4510433010656996
4510432948593278
4510432935494224
4510432914647277
4510432793342464
4510432654755308
4511026509346853
4511026056153323
4511025933690947
4511025363337712
4511023648259320
4511023573039193
4511023535427450
4511016991965476
4511013322263113
4511006262813685
4511001967961499
4510998692851579
4510996222143623
4510996012505805
4510994981098765
4510988193796324
4510986658227325
4510986083527457
4510984595497111
4510983525070121
4510978317059901
4510977111895567
4510976500271398
4510974126014800
4510973937605034
4510973187119374
4510971404262011
4510967839151549
4510967579032850
4510964919498670
4510962339989171
4510960624998116
4510958071202717
4510957433600177
4510955851907450
4510954593953550
4510952362051668
4510949475964600
4510948978029668
4510948931300688
4510948562649818
4510946024352361
4510944741411237
4510944530786656
4510944480968960
4510942760668214
4510942618595482
4510938051327430
4510936268949268
4510934728945060
4510929796644962
4510921106188598
4510914786049857
4510911010614172
4510909965370097
4510908808389871
4510907621772620
4510906152996348
4510903808284474
4510898468878755
4510898172043402
4510897261897343
4510896421923112
4510894544193648
4510894211924497
4510893519458534
4510884615699788
4510884464103970
4510880736061545
4510857059026956
4510835755588352
4510832559764918
4510829577344013
4510826696675943
4510825131335595
4510823966390295
4510823332558389
4510805800898450
4510802335439812
4510801631108577
4510799911100509
4510799643268435
4510799370637707
4510799206827318
4510798796246454
4510796837503671
4510796690745485
4510796581432550
4510796070325295
4510796032482872
4510795792883613
4510795541542085
4510795058441352